# Exported from Wings 3D 2.2.6.1
mtllib map4.mtl
o Cube.021
#8 vertices, 12 faces
v -0.87888675 1.24030575 -0.35106000
v -0.88092425 0.61694450 -0.84092450
v -0.82211000 1.24030575 -0.35129625
v -0.82414750 0.61694450 -0.84116075
v -0.87907225 1.27538750 -0.39570150
v -0.88110975 0.65202625 -0.88556600
v -0.82229575 1.27538750 -0.39593775
v -0.82433325 0.65202625 -0.88580225
vt 0.12500000 0.50000000
vt 0.12500000 0.75000000
vt 0.37500000 0.0000000e+0
vt 0.37500000 0.25000000
vt 0.37500000 0.50000000
vt 0.37500000 0.75000000
vt 0.37500000 1.00000000
vt 0.62500000 0.0000000e+0
vt 0.62500000 0.25000000
vt 0.62500000 0.50000000
vt 0.62500000 0.75000000
vt 0.62500000 1.00000000
vt 0.87500000 0.50000000
vt 0.87500000 0.75000000
vn 3.2716527e-3 -0.61788776 0.78625951
vn -0.99999136 1.9370089e-6 4.1568126e-3
vn 2.5710311e-3 0.78626715 0.61788135
vn 3.2716527e-3 -0.61788776 0.78625951
vn 2.5710311e-3 0.78626715 0.61788135
vn -0.99999136 1.9370089e-6 4.1568126e-3
vn 3.2716527e-3 -0.61788776 0.78625951
vn -2.5710255e-3 -0.78626714 -0.61788135
vn -0.99999136 1.9370089e-6 4.1568126e-3
vn 3.2716527e-3 -0.61788776 0.78625951
vn 0.99999135 7.8364590e-7 -4.1602747e-3
vn 2.5710254e-3 0.78626715 0.61788135
vn 3.2716527e-3 -0.61788776 0.78625951
vn 0.99999135 7.8364590e-7 -4.1602747e-3
vn -2.5710311e-3 -0.78626715 -0.61788135
vn 3.2716527e-3 -0.61788776 0.78625951
vn 0.99999135 7.8364590e-7 -4.1602747e-3
vn -2.5710311e-3 -0.78626715 -0.61788135
vn -0.99999136 1.9370089e-6 4.1568126e-3
vn 2.5710368e-3 0.78626714 0.61788135
vn -3.2716671e-3 0.61788776 -0.78625951
vn -3.2716671e-3 0.61788776 -0.78625951
vn -0.99999136 1.9370089e-6 4.1568126e-3
vn -2.5710311e-3 -0.78626715 -0.61788135
vn -3.2716671e-3 0.61788776 -0.78625951
vn -2.5710311e-3 -0.78626715 -0.61788135
vn -0.99999136 1.9370089e-6 4.1568126e-3
vn 0.99999135 7.8364590e-7 -4.1602747e-3
vn -3.2716671e-3 0.61788776 -0.78625951
vn 2.5710311e-3 0.78626715 0.61788135
vn 0.99999135 7.8364590e-7 -4.1602747e-3
vn -3.2716671e-3 0.61788776 -0.78625951
vn 2.5710311e-3 0.78626715 0.61788135
vn 0.99999135 7.8364590e-7 -4.1602747e-3
vn -3.2716671e-3 0.61788776 -0.78625951
vn -2.5710367e-3 -0.78626715 -0.61788135
g Cube.021_None
usemtl None
s 1
f 1/3/1 4/9/13 3/4/10
f 2/8/7 4/9/16 1/3/4
f 5/6/21 7/5/32 6/11/25
f 6/11/22 7/5/29 8/10/35
s 2
f 1/2/3 7/5/30 5/6/20
f 2/14/8 6/11/26 4/13/18
f 3/1/12 7/5/33 1/2/5
f 4/13/15 6/11/24 8/10/36
s 3
f 1/7/6 6/11/27 2/12/9
f 4/9/17 7/5/31 3/4/11
f 5/6/19 6/11/23 1/7/2
f 8/10/34 7/5/28 4/9/14
o Cube.022
#8 vertices, 12 faces
v -0.82322125 1.24030575 0.36570475
v -0.82322125 0.61694450 0.85557325
v -0.87999850 1.24030575 0.36570475
v -0.87999825 0.61694450 0.85557325
v -0.82322125 1.27538750 0.41034650
v -0.82322125 0.65202625 0.90021525
v -0.87999825 1.27538750 0.41034650
v -0.87999825 0.65202625 0.90021525
vt 0.12500000 0.50000000
vt 0.12500000 0.75000000
vt 0.37500000 0.0000000e+0
vt 0.37500000 0.25000000
vt 0.37500000 0.50000000
vt 0.37500000 0.75000000
vt 0.37500000 1.00000000
vt 0.62500000 0.0000000e+0
vt 0.62500000 0.25000000
vt 0.62500000 0.50000000
vt 0.62500000 0.75000000
vt 0.62500000 1.00000000
vt 0.87500000 0.50000000
vt 0.87500000 0.75000000
vn 0.0000000e+0 -0.61788757 -0.78626646
vn 1.00000000 -4.6245532e-16 0.0000000e+0
vn 0.0000000e+0 0.78626623 -0.61788786
vn 0.0000000e+0 -0.61788757 -0.78626646
vn 0.0000000e+0 0.78626623 -0.61788786
vn 1.00000000 -4.6245532e-16 0.0000000e+0
vn 0.0000000e+0 -0.61788757 -0.78626646
vn 0.0000000e+0 -0.78626791 0.61788572
vn 1.00000000 0.0000000e+0 0.0000000e+0
vn 0.0000000e+0 -0.61788757 -0.78626646
vn -1.00000000 2.4727466e-6 3.6569292e-6
vn 0.0000000e+0 0.78626623 -0.61788786
vn 0.0000000e+0 -0.61788757 -0.78626646
vn -1.00000000 1.2363733e-6 1.8284646e-6
vn 0.0000000e+0 -0.78626791 0.61788572
vn 0.0000000e+0 -0.61788757 -0.78626646
vn -1.00000000 1.2363733e-6 1.8284646e-6
vn 0.0000000e+0 -0.78626791 0.61788572
vn 1.00000000 -9.2491064e-16 0.0000000e+0
vn 0.0000000e+0 0.78626623 -0.61788786
vn 0.0000000e+0 0.61788777 0.78626631
vn 0.0000000e+0 0.61788777 0.78626631
vn 1.00000000 -4.6245532e-16 0.0000000e+0
vn 0.0000000e+0 -0.78626791 0.61788572
vn 0.0000000e+0 0.61788777 0.78626631
vn 0.0000000e+0 -0.78626791 0.61788572
vn 1.00000000 -4.6245532e-16 0.0000000e+0
vn -1.00000000 1.2363733e-6 1.8284646e-6
vn 0.0000000e+0 0.61788777 0.78626631
vn 0.0000000e+0 0.78626623 -0.61788786
vn -1.00000000 1.2363733e-6 1.8284646e-6
vn 0.0000000e+0 0.61788777 0.78626631
vn 0.0000000e+0 0.78626623 -0.61788786
vn -1.00000000 -1.2332099e-15 0.0000000e+0
vn 0.0000000e+0 0.61788777 0.78626631
vn 0.0000000e+0 -0.78626791 0.61788572
g Cube.022_None
usemtl None
s 1
f 9/17/37 12/23/49 11/18/46
f 10/22/43 12/23/52 9/17/40
f 13/20/57 15/19/68 14/25/61
f 14/25/58 15/19/65 16/24/71
s 2
f 9/16/39 15/19/66 13/20/56
f 10/28/44 14/25/62 12/27/54
f 11/15/48 15/19/69 9/16/41
f 12/27/51 14/25/60 16/24/72
s 3
f 9/21/42 14/25/63 10/26/45
f 12/23/53 15/19/67 11/18/47
f 13/20/55 14/25/59 9/21/38
f 16/24/70 15/19/64 12/23/50
o Cube.019
#8 vertices, 12 faces
v 1.05012675 1.24030575 0.36570475
v 1.05012675 0.61694450 0.85557325
v 0.99334975 1.24030575 0.36570475
v 0.99334975 0.61694450 0.85557325
v 1.05012675 1.27538750 0.41034650
v 1.05012675 0.65202625 0.90021525
v 0.99334975 1.27538750 0.41034650
v 0.99334975 0.65202625 0.90021525
vt 0.12500000 0.50000000
vt 0.12500000 0.75000000
vt 0.37500000 0.0000000e+0
vt 0.37500000 0.25000000
vt 0.37500000 0.50000000
vt 0.37500000 0.75000000
vt 0.37500000 1.00000000
vt 0.62500000 0.0000000e+0
vt 0.62500000 0.25000000
vt 0.62500000 0.50000000
vt 0.62500000 0.75000000
vt 0.62500000 1.00000000
vt 0.87500000 0.50000000
vt 0.87500000 0.75000000
vn 0.0000000e+0 -0.61788757 -0.78626646
vn 1.00000000 4.6244726e-16 0.0000000e+0
vn 0.0000000e+0 0.78626623 -0.61788786
vn 0.0000000e+0 -0.61788757 -0.78626646
vn 0.0000000e+0 0.78626623 -0.61788786
vn 1.00000000 4.6244726e-16 0.0000000e+0
vn 0.0000000e+0 -0.61788757 -0.78626646
vn 0.0000000e+0 -0.78626791 0.61788572
vn 1.00000000 4.9328406e-15 0.0000000e+0
vn 0.0000000e+0 -0.61788757 -0.78626646
vn -1.00000000 0.0000000e+0 0.0000000e+0
vn 0.0000000e+0 0.78626623 -0.61788786
vn 0.0000000e+0 -0.61788757 -0.78626646
vn -1.00000000 -6.1660496e-16 0.0000000e+0
vn 0.0000000e+0 -0.78626791 0.61788572
vn 0.0000000e+0 -0.61788757 -0.78626646
vn -1.00000000 -6.1660496e-16 0.0000000e+0
vn 0.0000000e+0 -0.78626791 0.61788572
vn 1.00000000 -4.0079461e-15 0.0000000e+0
vn 0.0000000e+0 0.78626623 -0.61788786
vn 0.0000000e+0 0.61788777 0.78626631
vn 0.0000000e+0 0.61788777 0.78626631
vn 1.00000000 4.6244726e-16 0.0000000e+0
vn 0.0000000e+0 -0.78626791 0.61788572
vn 0.0000000e+0 0.61788777 0.78626631
vn 0.0000000e+0 -0.78626791 0.61788572
vn 1.00000000 4.6244726e-16 0.0000000e+0
vn -1.00000000 -6.1660496e-16 0.0000000e+0
vn 0.0000000e+0 0.61788777 0.78626631
vn 0.0000000e+0 0.78626623 -0.61788786
vn -1.00000000 -6.1660496e-16 0.0000000e+0
vn 0.0000000e+0 0.61788777 0.78626631
vn 0.0000000e+0 0.78626623 -0.61788786
vn -1.00000000 -1.2332099e-15 0.0000000e+0
vn 0.0000000e+0 0.61788777 0.78626631
vn 0.0000000e+0 -0.78626791 0.61788572
g Cube.019_None
usemtl None
s 1
f 17/31/73 20/37/85 19/32/82
f 18/36/79 20/37/88 17/31/76
f 21/34/93 23/33/104 22/39/97
f 22/39/94 23/33/101 24/38/107
s 2
f 17/30/75 23/33/102 21/34/92
f 18/42/80 22/39/98 20/41/90
f 19/29/84 23/33/105 17/30/77
f 20/41/87 22/39/96 24/38/108
s 3
f 17/35/78 22/39/99 18/40/81
f 20/37/89 23/33/103 19/32/83
f 21/34/91 22/39/95 17/35/74
f 24/38/106 23/33/100 20/37/86
o Cube.020
#8 vertices, 12 faces
v 0.99446150 1.24030575 -0.35106000
v 0.99242400 0.61694450 -0.84092450
v 1.05123800 1.24030575 -0.35129625
v 1.04920050 0.61694450 -0.84116075
v 0.99427575 1.27538750 -0.39570150
v 0.99223825 0.65202625 -0.88556600
v 1.05105225 1.27538750 -0.39593775
v 1.04901475 0.65202625 -0.88580225
vt 0.12500000 0.50000000
vt 0.12500000 0.75000000
vt 0.37500000 0.0000000e+0
vt 0.37500000 0.25000000
vt 0.37500000 0.50000000
vt 0.37500000 0.75000000
vt 0.37500000 1.00000000
vt 0.62500000 0.0000000e+0
vt 0.62500000 0.25000000
vt 0.62500000 0.50000000
vt 0.62500000 0.75000000
vt 0.62500000 1.00000000
vt 0.87500000 0.50000000
vt 0.87500000 0.75000000
vn 3.2716671e-3 -0.61788776 0.78625951
vn -0.99999135 -7.8364590e-7 4.1602747e-3
vn 2.5710367e-3 0.78626715 0.61788135
vn 3.2716671e-3 -0.61788776 0.78625951
vn 2.5710367e-3 0.78626715 0.61788135
vn -0.99999135 -7.8364590e-7 4.1602747e-3
vn 3.2716671e-3 -0.61788776 0.78625951
vn -2.5710367e-3 -0.78626715 -0.61788135
vn -0.99999135 -7.8364590e-7 4.1602747e-3
vn 3.2716671e-3 -0.61788776 0.78625951
vn 0.99999135 7.8364590e-7 -4.1602747e-3
vn 2.5710367e-3 0.78626715 0.61788135
vn 3.2716671e-3 -0.61788776 0.78625951
vn 0.99999135 7.8364590e-7 -4.1602747e-3
vn -2.5710367e-3 -0.78626715 -0.61788135
vn 3.2716671e-3 -0.61788776 0.78625951
vn 0.99999135 7.8364590e-7 -4.1602747e-3
vn -2.5710367e-3 -0.78626715 -0.61788135
vn -0.99999135 -7.8364590e-7 4.1602747e-3
vn 2.5710367e-3 0.78626715 0.61788135
vn -3.2716671e-3 0.61788776 -0.78625951
vn -3.2716671e-3 0.61788776 -0.78625951
vn -0.99999135 -7.8364590e-7 4.1602747e-3
vn -2.5710367e-3 -0.78626715 -0.61788135
vn -3.2716671e-3 0.61788776 -0.78625951
vn -2.5710367e-3 -0.78626715 -0.61788135
vn -0.99999135 -7.8364590e-7 4.1602747e-3
vn 0.99999135 7.8364590e-7 -4.1602747e-3
vn -3.2716671e-3 0.61788776 -0.78625951
vn 2.5710367e-3 0.78626715 0.61788135
vn 0.99999135 7.8364590e-7 -4.1602747e-3
vn -3.2716671e-3 0.61788776 -0.78625951
vn 2.5710367e-3 0.78626715 0.61788135
vn 0.99999135 7.8364590e-7 -4.1602747e-3
vn -3.2716671e-3 0.61788776 -0.78625951
vn -2.5710367e-3 -0.78626715 -0.61788135
g Cube.020_None
usemtl None
s 1
f 25/45/109 28/51/121 27/46/118
f 26/50/115 28/51/124 25/45/112
f 29/48/129 31/47/140 30/53/133
f 30/53/130 31/47/137 32/52/143
s 2
f 25/44/111 31/47/138 29/48/128
f 26/56/116 30/53/134 28/55/126
f 27/43/120 31/47/141 25/44/113
f 28/55/123 30/53/132 32/52/144
s 3
f 25/49/114 30/53/135 26/54/117
f 28/51/125 31/47/139 27/46/119
f 29/48/127 30/53/131 25/49/110
f 32/52/142 31/47/136 28/51/122
o Cube.017
#8 vertices, 12 faces
v 0.47479375 1.26580975 0.83239250
v 1.00713400 0.58839850 0.83044050
v 0.47502000 1.26580975 0.89409200
v 1.00736000 0.58839850 0.89214025
v 0.52330600 1.30393350 0.83221450
v 1.05564625 0.62652225 0.83026275
v 0.52353225 1.30393350 0.89391425
v 1.05587250 0.62652225 0.89196225
vt 0.12500000 0.50000000
vt 0.12500000 0.75000000
vt 0.37500000 0.0000000e+0
vt 0.37500000 0.25000000
vt 0.37500000 0.50000000
vt 0.37500000 0.75000000
vt 0.37500000 1.00000000
vt 0.62500000 0.0000000e+0
vt 0.62500000 0.25000000
vt 0.62500000 0.50000000
vt 0.62500000 0.75000000
vt 0.62500000 1.00000000
vt 0.87500000 0.50000000
vt 0.87500000 0.75000000
vn -0.78626118 -0.61788758 2.8815946e-3
vn -3.6665725e-3 -3.2732590e-9 -0.99999328
vn -0.61788480 0.78626538 2.2657583e-3
vn -0.78626118 -0.61788758 2.8815946e-3
vn -0.61788480 0.78626538 2.2657583e-3
vn -3.6665725e-3 -3.2732590e-9 -0.99999328
vn -0.78626111 -0.61788767 2.8799956e-3
vn 0.61788481 -0.78626538 -2.2632501e-3
vn -3.6650692e-3 1.3625924e-6 -0.99999328
vn -0.78626124 -0.61788749 2.8831936e-3
vn 3.6648906e-3 -1.1352770e-6 0.99999328
vn -0.61788480 0.78626538 2.2657629e-3
vn -0.78626118 -0.61788758 2.8815946e-3
vn 3.6665669e-3 -1.7367195e-9 0.99999328
vn 0.61788382 -0.78626615 -2.2645029e-3
vn -0.78626118 -0.61788758 2.8815946e-3
vn 3.6665669e-3 -1.7367195e-9 0.99999328
vn 0.61788382 -0.78626615 -2.2645029e-3
vn -3.6680757e-3 -1.3691389e-6 -0.99999327
vn -0.61788479 0.78626538 2.2657537e-3
vn 0.78626110 0.61788767 -2.8831814e-3
vn 0.78626110 0.61788767 -2.8831873e-3
vn -3.6665725e-3 -3.2732590e-9 -0.99999328
vn 0.61788382 -0.78626615 -2.2645029e-3
vn 0.78626110 0.61788767 -2.8831873e-3
vn 0.61788382 -0.78626615 -2.2645029e-3
vn -3.6665725e-3 -3.2732590e-9 -0.99999328
vn 3.6665669e-3 -1.7367195e-9 0.99999328
vn 0.78626110 0.61788767 -2.8831873e-3
vn -0.61788480 0.78626538 2.2657583e-3
vn 3.6665669e-3 -1.7367195e-9 0.99999328
vn 0.78626110 0.61788767 -2.8831873e-3
vn -0.61788480 0.78626538 2.2657583e-3
vn 3.6682433e-3 1.1318035e-6 0.99999327
vn 0.78626110 0.61788767 -2.8831931e-3
vn 0.61788282 -0.78626693 -2.2657556e-3
g Cube.017_None
usemtl None
s 1
f 33/59/145 36/65/157 35/60/154
f 34/64/151 36/65/160 33/59/148
f 37/62/165 39/61/176 38/67/169
f 38/67/166 39/61/173 40/66/179
s 2
f 33/58/147 39/61/174 37/62/164
f 34/70/152 38/67/170 36/69/162
f 35/57/156 39/61/177 33/58/149
f 36/69/159 38/67/168 40/66/180
s 3
f 33/63/150 38/67/171 34/68/153
f 36/65/161 39/61/175 35/60/155
f 37/62/163 38/67/167 33/63/146
f 40/66/178 39/61/172 36/65/158
o Cube.018
#8 vertices, 12 faces
v -0.30413425 1.26580975 0.89302725
v -0.83647825 0.58839850 0.89302725
v -0.30413425 1.26580975 0.83132750
v -0.83647825 0.58839850 0.83132750
v -0.35264700 1.30393350 0.89302725
v -0.88499075 0.62652225 0.89302725
v -0.35264700 1.30393350 0.83132750
v -0.88499075 0.62652225 0.83132750
vt 0.12500000 0.50000000
vt 0.12500000 0.75000000
vt 0.37500000 0.0000000e+0
vt 0.37500000 0.25000000
vt 0.37500000 0.50000000
vt 0.37500000 0.75000000
vt 0.37500000 1.00000000
vt 0.62500000 0.0000000e+0
vt 0.62500000 0.25000000
vt 0.62500000 0.50000000
vt 0.62500000 0.75000000
vt 0.62500000 1.00000000
vt 0.87500000 0.50000000
vt 0.87500000 0.75000000
vn 0.78626629 -0.61788779 0.0000000e+0
vn -6.5266667e-16 0.0000000e+0 1.00000000
vn 0.61788758 0.78626645 0.0000000e+0
vn 0.78626629 -0.61788779 0.0000000e+0
vn 0.61788758 0.78626645 0.0000000e+0
vn -6.5266667e-16 0.0000000e+0 1.00000000
vn 0.78626629 -0.61788779 0.0000000e+0
vn -0.61788955 -0.78626491 0.0000000e+0
vn 0.0000000e+0 0.0000000e+0 1.00000000
vn 0.78626629 -0.61788779 0.0000000e+0
vn 0.0000000e+0 0.0000000e+0 -1.00000000
vn 0.61788758 0.78626645 0.0000000e+0
vn 0.78626629 -0.61788779 0.0000000e+0
vn -3.9160125e-16 0.0000000e+0 -1.00000000
vn -0.61788955 -0.78626491 0.0000000e+0
vn 0.78626629 -0.61788779 0.0000000e+0
vn -3.9160125e-16 0.0000000e+0 -1.00000000
vn -0.61788955 -0.78626491 0.0000000e+0
vn -1.3053333e-15 0.0000000e+0 1.00000000
vn 0.61788758 0.78626645 0.0000000e+0
vn -0.78626643 0.61788761 0.0000000e+0
vn -0.78626643 0.61788761 0.0000000e+0
vn -6.5266667e-16 0.0000000e+0 1.00000000
vn -0.61788955 -0.78626491 0.0000000e+0
vn -0.78626643 0.61788761 0.0000000e+0
vn -0.61788955 -0.78626491 0.0000000e+0
vn -6.5266667e-16 0.0000000e+0 1.00000000
vn -3.9160125e-16 0.0000000e+0 -1.00000000
vn -0.78626643 0.61788761 0.0000000e+0
vn 0.61788758 0.78626645 0.0000000e+0
vn -3.9160125e-16 0.0000000e+0 -1.00000000
vn -0.78626643 0.61788761 0.0000000e+0
vn 0.61788758 0.78626645 0.0000000e+0
vn -7.8320250e-16 0.0000000e+0 -1.00000000
vn -0.78626643 0.61788761 0.0000000e+0
vn -0.61788955 -0.78626491 0.0000000e+0
g Cube.018_None
usemtl None
s 1
f 41/73/181 44/79/193 43/74/190
f 42/78/187 44/79/196 41/73/184
f 45/76/201 47/75/212 46/81/205
f 46/81/202 47/75/209 48/80/215
s 2
f 41/72/183 47/75/210 45/76/200
f 42/84/188 46/81/206 44/83/198
f 43/71/192 47/75/213 41/72/185
f 44/83/195 46/81/204 48/80/216
s 3
f 41/77/186 46/81/207 42/82/189
f 44/79/197 47/75/211 43/74/191
f 45/76/199 46/81/203 41/77/182
f 48/80/214 47/75/208 44/79/194
o Cube.016
#8 vertices, 12 faces
v 0.47479375 1.26580975 -0.89778225
v 1.00713400 0.58839850 -0.89973425
v 0.47502000 1.26580975 -0.83608275
v 1.00736000 0.58839850 -0.83803475
v 0.52330600 1.30393350 -0.89796025
v 1.05564625 0.62652225 -0.89991200
v 0.52353225 1.30393350 -0.83626050
v 1.05587250 0.62652225 -0.83821250
vt 0.12500000 0.50000000
vt 0.12500000 0.75000000
vt 0.37500000 0.0000000e+0
vt 0.37500000 0.25000000
vt 0.37500000 0.50000000
vt 0.37500000 0.75000000
vt 0.37500000 1.00000000
vt 0.62500000 0.0000000e+0
vt 0.62500000 0.25000000
vt 0.62500000 0.50000000
vt 0.62500000 0.75000000
vt 0.62500000 1.00000000
vt 0.87500000 0.50000000
vt 0.87500000 0.75000000
vn -0.78626118 -0.61788758 2.8816005e-3
vn -3.6665725e-3 -3.2732595e-9 -0.99999328
vn -0.61788480 0.78626538 2.2657583e-3
vn -0.78626118 -0.61788758 2.8816005e-3
vn -0.61788480 0.78626538 2.2657583e-3
vn -3.6665725e-3 -3.2732595e-9 -0.99999328
vn -0.78626111 -0.61788767 2.8800073e-3
vn 0.61788481 -0.78626538 -2.2632593e-3
vn -3.6650692e-3 1.3625924e-6 -0.99999328
vn -0.78626124 -0.61788749 2.8831936e-3
vn 3.6650699e-3 -1.3634286e-6 0.99999328
vn -0.61788480 0.78626538 2.2657629e-3
vn -0.78626118 -0.61788758 2.8816005e-3
vn 3.6650637e-3 -1.3675984e-6 0.99999328
vn 0.61788382 -0.78626615 -2.2645075e-3
vn -0.78626118 -0.61788758 2.8816005e-3
vn 3.6650637e-3 -1.3675984e-6 0.99999328
vn 0.61788382 -0.78626615 -2.2645075e-3
vn -3.6680757e-3 -1.3691389e-6 -0.99999327
vn -0.61788479 0.78626538 2.2657537e-3
vn 0.78626110 0.61788767 -2.8831814e-3
vn 0.78626110 0.61788767 -2.8831873e-3
vn -3.6665725e-3 -3.2732595e-9 -0.99999328
vn 0.61788382 -0.78626615 -2.2645075e-3
vn 0.78626110 0.61788767 -2.8831873e-3
vn 0.61788382 -0.78626615 -2.2645075e-3
vn -3.6665725e-3 -3.2732595e-9 -0.99999328
vn 3.6650637e-3 -1.3675984e-6 0.99999328
vn 0.78626110 0.61788767 -2.8831873e-3
vn -0.61788480 0.78626538 2.2657583e-3
vn 3.6650637e-3 -1.3675984e-6 0.99999328
vn 0.78626110 0.61788767 -2.8831873e-3
vn -0.61788480 0.78626538 2.2657583e-3
vn 3.6650575e-3 -1.3717683e-6 0.99999328
vn 0.78626110 0.61788767 -2.8831931e-3
vn 0.61788283 -0.78626692 -2.2657556e-3
g Cube.016_None
usemtl None
s 1
f 49/87/217 52/93/229 51/88/226
f 50/92/223 52/93/232 49/87/220
f 53/90/237 55/89/248 54/95/241
f 54/95/238 55/89/245 56/94/251
s 2
f 49/86/219 55/89/246 53/90/236
f 50/98/224 54/95/242 52/97/234
f 51/85/228 55/89/249 49/86/221
f 52/97/231 54/95/240 56/94/252
s 3
f 49/91/222 54/95/243 50/96/225
f 52/93/233 55/89/247 51/88/227
f 53/90/235 54/95/239 49/91/218
f 56/94/250 55/89/244 52/93/230
o Cube.015
#8 vertices, 12 faces
v -0.30413425 1.26580975 -0.83714750
v -0.83647825 0.58839850 -0.83714750
v -0.30413425 1.26580975 -0.89884750
v -0.83647825 0.58839850 -0.89884750
v -0.35264700 1.30393350 -0.83714750
v -0.88499075 0.62652225 -0.83714750
v -0.35264700 1.30393350 -0.89884750
v -0.88499075 0.62652225 -0.89884750
vt 0.12500000 0.50000000
vt 0.12500000 0.75000000
vt 0.37500000 0.0000000e+0
vt 0.37500000 0.25000000
vt 0.37500000 0.50000000
vt 0.37500000 0.75000000
vt 0.37500000 1.00000000
vt 0.62500000 0.0000000e+0
vt 0.62500000 0.25000000
vt 0.62500000 0.50000000
vt 0.62500000 0.75000000
vt 0.62500000 1.00000000
vt 0.87500000 0.50000000
vt 0.87500000 0.75000000
vn 0.78626629 -0.61788779 0.0000000e+0
vn -3.9160000e-16 0.0000000e+0 1.00000000
vn 0.61788758 0.78626645 0.0000000e+0
vn 0.78626629 -0.61788779 0.0000000e+0
vn 0.61788758 0.78626645 0.0000000e+0
vn -3.9160000e-16 0.0000000e+0 1.00000000
vn 0.78626629 -0.61788779 0.0000000e+0
vn -0.61788955 -0.78626491 0.0000000e+0
vn 0.0000000e+0 0.0000000e+0 1.00000000
vn 0.78626629 -0.61788779 0.0000000e+0
vn 0.0000000e+0 0.0000000e+0 -1.00000000
vn 0.61788758 0.78626645 0.0000000e+0
vn 0.78626629 -0.61788779 0.0000000e+0
vn 6.5266875e-16 0.0000000e+0 -1.00000000
vn -0.61788955 -0.78626491 0.0000000e+0
vn 0.78626629 -0.61788779 0.0000000e+0
vn 6.5266875e-16 0.0000000e+0 -1.00000000
vn -0.61788955 -0.78626491 0.0000000e+0
vn -7.8320000e-16 0.0000000e+0 1.00000000
vn 0.61788758 0.78626645 0.0000000e+0
vn -0.78626643 0.61788761 0.0000000e+0
vn -0.78626643 0.61788761 0.0000000e+0
vn -3.9160000e-16 0.0000000e+0 1.00000000
vn -0.61788955 -0.78626491 0.0000000e+0
vn -0.78626643 0.61788761 0.0000000e+0
vn -0.61788955 -0.78626491 0.0000000e+0
vn -3.9160000e-16 0.0000000e+0 1.00000000
vn 6.5266875e-16 0.0000000e+0 -1.00000000
vn -0.78626643 0.61788761 0.0000000e+0
vn 0.61788758 0.78626645 0.0000000e+0
vn 6.5266875e-16 0.0000000e+0 -1.00000000
vn -0.78626643 0.61788761 0.0000000e+0
vn 0.61788758 0.78626645 0.0000000e+0
vn 1.3053375e-15 0.0000000e+0 -1.00000000
vn -0.78626643 0.61788761 0.0000000e+0
vn -0.61788955 -0.78626491 0.0000000e+0
g Cube.015_None
usemtl None
s 1
f 57/101/253 60/107/265 59/102/262
f 58/106/259 60/107/268 57/101/256
f 61/104/273 63/103/284 62/109/277
f 62/109/274 63/103/281 64/108/287
s 2
f 57/100/255 63/103/282 61/104/272
f 58/112/260 62/109/278 60/111/270
f 59/99/264 63/103/285 57/100/257
f 60/111/267 62/109/276 64/108/288
s 3
f 57/105/258 62/109/279 58/110/261
f 60/107/269 63/103/283 59/102/263
f 61/104/271 62/109/275 57/105/254
f 64/108/286 63/103/280 60/107/266
o Cube.014
#8 vertices, 12 faces
v -1.10073075 1.25073475 1.17495000
v -1.10073075 1.31256500 1.17495000
v -1.10073075 1.25073475 -1.17495000
v -1.10073075 1.31256500 -1.17495000
v 1.24916925 1.25073475 1.17495000
v 1.24916925 1.31256500 1.17495000
v 1.24916925 1.25073475 -1.17495000
v 1.24916925 1.31256500 -1.17495000
vt 0.12500000 0.50000000
vt 0.12500000 0.75000000
vt 0.37500000 0.0000000e+0
vt 0.37500000 0.25000000
vt 0.37500000 0.50000000
vt 0.37500000 0.75000000
vt 0.37500000 1.00000000
vt 0.62500000 0.0000000e+0
vt 0.62500000 0.25000000
vt 0.62500000 0.50000000
vt 0.62500000 0.75000000
vt 0.62500000 1.00000000
vt 0.87500000 0.50000000
vt 0.87500000 0.75000000
vn -1.00000000 0.0000000e+0 0.0000000e+0
vn 0.0000000e+0 0.0000000e+0 1.00000000
vn 0.0000000e+0 -1.00000000 0.0000000e+0
vn -1.00000000 0.0000000e+0 0.0000000e+0
vn 0.0000000e+0 -1.00000000 0.0000000e+0
vn 0.0000000e+0 0.0000000e+0 1.00000000
vn -1.00000000 0.0000000e+0 0.0000000e+0
vn 0.0000000e+0 1.00000000 0.0000000e+0
vn 0.0000000e+0 0.0000000e+0 1.00000000
vn -1.00000000 0.0000000e+0 0.0000000e+0
vn 0.0000000e+0 0.0000000e+0 -1.00000000
vn 0.0000000e+0 -1.00000000 0.0000000e+0
vn -1.00000000 0.0000000e+0 0.0000000e+0
vn 0.0000000e+0 0.0000000e+0 -1.00000000
vn 0.0000000e+0 1.00000000 0.0000000e+0
vn -1.00000000 0.0000000e+0 0.0000000e+0
vn 0.0000000e+0 0.0000000e+0 -1.00000000
vn 0.0000000e+0 1.00000000 0.0000000e+0
vn 0.0000000e+0 0.0000000e+0 1.00000000
vn 0.0000000e+0 -1.00000000 0.0000000e+0
vn 1.00000000 0.0000000e+0 0.0000000e+0
vn 1.00000000 0.0000000e+0 0.0000000e+0
vn 0.0000000e+0 0.0000000e+0 1.00000000
vn 0.0000000e+0 1.00000000 0.0000000e+0
vn 1.00000000 0.0000000e+0 0.0000000e+0
vn 0.0000000e+0 1.00000000 0.0000000e+0
vn 0.0000000e+0 0.0000000e+0 1.00000000
vn 0.0000000e+0 0.0000000e+0 -1.00000000
vn 1.00000000 0.0000000e+0 0.0000000e+0
vn 0.0000000e+0 -1.00000000 0.0000000e+0
vn 0.0000000e+0 0.0000000e+0 -1.00000000
vn 1.00000000 0.0000000e+0 0.0000000e+0
vn 0.0000000e+0 -1.00000000 0.0000000e+0
vn 0.0000000e+0 0.0000000e+0 -1.00000000
vn 1.00000000 0.0000000e+0 0.0000000e+0
vn 0.0000000e+0 1.00000000 0.0000000e+0
g Cube.014_None
usemtl None
s 1
f 65/115/289 68/121/301 67/116/298
f 66/120/295 68/121/304 65/115/292
f 69/118/309 71/117/320 70/123/313
f 70/123/310 71/117/317 72/122/323
s 2
f 65/114/291 71/117/318 69/118/308
f 66/126/296 70/123/314 68/125/306
f 67/113/300 71/117/321 65/114/293
f 68/125/303 70/123/312 72/122/324
s 3
f 65/119/294 70/123/315 66/124/297
f 68/121/305 71/117/319 67/116/299
f 69/118/307 70/123/311 65/119/290
f 72/122/322 71/117/316 68/121/302
o Cube.012
#8 vertices, 12 faces
v -0.92152950 -0.51156475 -0.79914575
v -0.92152950 1.41127075 -0.79914575
v -0.92152950 -0.51156475 -0.93684900
v -0.92152950 1.41127075 -0.93684900
v -0.78382600 -0.51156475 -0.79914575
v -0.78382600 1.41127075 -0.79914575
v -0.78382600 -0.51156475 -0.93684900
v -0.78382600 1.41127075 -0.93684900
vt 0.12500000 0.50000000
vt 0.12500000 0.75000000
vt 0.37500000 0.0000000e+0
vt 0.37500000 0.25000000
vt 0.37500000 0.50000000
vt 0.37500000 0.75000000
vt 0.37500000 1.00000000
vt 0.62500000 0.0000000e+0
vt 0.62500000 0.25000000
vt 0.62500000 0.50000000
vt 0.62500000 0.75000000
vt 0.62500000 1.00000000
vt 0.87500000 0.50000000
vt 0.87500000 0.75000000
vn -1.00000000 0.0000000e+0 0.0000000e+0
vn 0.0000000e+0 0.0000000e+0 1.00000000
vn 0.0000000e+0 -1.00000000 0.0000000e+0
vn -1.00000000 0.0000000e+0 0.0000000e+0
vn 0.0000000e+0 -1.00000000 0.0000000e+0
vn 0.0000000e+0 0.0000000e+0 1.00000000
vn -1.00000000 0.0000000e+0 0.0000000e+0
vn 0.0000000e+0 1.00000000 0.0000000e+0
vn 0.0000000e+0 0.0000000e+0 1.00000000
vn -1.00000000 0.0000000e+0 0.0000000e+0
vn 0.0000000e+0 0.0000000e+0 -1.00000000
vn 0.0000000e+0 -1.00000000 0.0000000e+0
vn -1.00000000 0.0000000e+0 0.0000000e+0
vn 0.0000000e+0 0.0000000e+0 -1.00000000
vn 0.0000000e+0 1.00000000 0.0000000e+0
vn -1.00000000 0.0000000e+0 0.0000000e+0
vn 0.0000000e+0 0.0000000e+0 -1.00000000
vn 0.0000000e+0 1.00000000 0.0000000e+0
vn 0.0000000e+0 0.0000000e+0 1.00000000
vn 0.0000000e+0 -1.00000000 0.0000000e+0
vn 1.00000000 0.0000000e+0 0.0000000e+0
vn 1.00000000 0.0000000e+0 0.0000000e+0
vn 0.0000000e+0 0.0000000e+0 1.00000000
vn 0.0000000e+0 1.00000000 0.0000000e+0
vn 1.00000000 0.0000000e+0 0.0000000e+0
vn 0.0000000e+0 1.00000000 0.0000000e+0
vn 0.0000000e+0 0.0000000e+0 1.00000000
vn 0.0000000e+0 0.0000000e+0 -1.00000000
vn 1.00000000 0.0000000e+0 0.0000000e+0
vn 0.0000000e+0 -1.00000000 0.0000000e+0
vn 0.0000000e+0 0.0000000e+0 -1.00000000
vn 1.00000000 0.0000000e+0 0.0000000e+0
vn 0.0000000e+0 -1.00000000 0.0000000e+0
vn 0.0000000e+0 0.0000000e+0 -1.00000000
vn 1.00000000 0.0000000e+0 0.0000000e+0
vn 0.0000000e+0 1.00000000 0.0000000e+0
g Cube.012_None
usemtl None
s 1
f 73/129/325 76/135/337 75/130/334
f 74/134/331 76/135/340 73/129/328
f 77/132/345 79/131/356 78/137/349
f 78/137/346 79/131/353 80/136/359
s 2
f 73/128/327 79/131/354 77/132/344
f 74/140/332 78/137/350 76/139/342
f 75/127/336 79/131/357 73/128/329
f 76/139/339 78/137/348 80/136/360
s 3
f 73/133/330 78/137/351 74/138/333
f 76/135/341 79/131/355 75/130/335
f 77/132/343 78/137/347 73/133/326
f 80/136/358 79/131/352 76/135/338
o Cube.013
#8 vertices, 12 faces
v 0.95586775 -0.51156475 -0.79914575
v 0.95586775 1.41127075 -0.79914575
v 0.95586775 -0.51156475 -0.93684900
v 0.95586775 1.41127075 -0.93684900
v 1.09357100 -0.51156475 -0.79914575
v 1.09357100 1.41127075 -0.79914575
v 1.09357100 -0.51156475 -0.93684900
v 1.09357100 1.41127075 -0.93684900
vt 0.12500000 0.50000000
vt 0.12500000 0.75000000
vt 0.37500000 0.0000000e+0
vt 0.37500000 0.25000000
vt 0.37500000 0.50000000
vt 0.37500000 0.75000000
vt 0.37500000 1.00000000
vt 0.62500000 0.0000000e+0
vt 0.62500000 0.25000000
vt 0.62500000 0.50000000
vt 0.62500000 0.75000000
vt 0.62500000 1.00000000
vt 0.87500000 0.50000000
vt 0.87500000 0.75000000
vn -1.00000000 0.0000000e+0 0.0000000e+0
vn 0.0000000e+0 0.0000000e+0 1.00000000
vn 0.0000000e+0 -1.00000000 0.0000000e+0
vn -1.00000000 0.0000000e+0 0.0000000e+0
vn 0.0000000e+0 -1.00000000 0.0000000e+0
vn 0.0000000e+0 0.0000000e+0 1.00000000
vn -1.00000000 0.0000000e+0 0.0000000e+0
vn 0.0000000e+0 1.00000000 0.0000000e+0
vn 0.0000000e+0 0.0000000e+0 1.00000000
vn -1.00000000 0.0000000e+0 0.0000000e+0
vn 0.0000000e+0 0.0000000e+0 -1.00000000
vn 0.0000000e+0 -1.00000000 0.0000000e+0
vn -1.00000000 0.0000000e+0 0.0000000e+0
vn 0.0000000e+0 0.0000000e+0 -1.00000000
vn 0.0000000e+0 1.00000000 0.0000000e+0
vn -1.00000000 0.0000000e+0 0.0000000e+0
vn 0.0000000e+0 0.0000000e+0 -1.00000000
vn 0.0000000e+0 1.00000000 0.0000000e+0
vn 0.0000000e+0 0.0000000e+0 1.00000000
vn 0.0000000e+0 -1.00000000 0.0000000e+0
vn 1.00000000 0.0000000e+0 0.0000000e+0
vn 1.00000000 0.0000000e+0 0.0000000e+0
vn 0.0000000e+0 0.0000000e+0 1.00000000
vn 0.0000000e+0 1.00000000 0.0000000e+0
vn 1.00000000 0.0000000e+0 0.0000000e+0
vn 0.0000000e+0 1.00000000 0.0000000e+0
vn 0.0000000e+0 0.0000000e+0 1.00000000
vn 0.0000000e+0 0.0000000e+0 -1.00000000
vn 1.00000000 0.0000000e+0 0.0000000e+0
vn 0.0000000e+0 -1.00000000 0.0000000e+0
vn 0.0000000e+0 0.0000000e+0 -1.00000000
vn 1.00000000 0.0000000e+0 0.0000000e+0
vn 0.0000000e+0 -1.00000000 0.0000000e+0
vn 0.0000000e+0 0.0000000e+0 -1.00000000
vn 1.00000000 0.0000000e+0 0.0000000e+0
vn 0.0000000e+0 1.00000000 0.0000000e+0
g Cube.013_None
usemtl None
s 1
f 81/143/361 84/149/373 83/144/370
f 82/148/367 84/149/376 81/143/364
f 85/146/381 87/145/392 86/151/385
f 86/151/382 87/145/389 88/150/395
s 2
f 81/142/363 87/145/390 85/146/380
f 82/154/368 86/151/386 84/153/378
f 83/141/372 87/145/393 81/142/365
f 84/153/375 86/151/384 88/150/396
s 3
f 81/147/366 86/151/387 82/152/369
f 84/149/377 87/145/391 83/144/371
f 85/146/379 86/151/383 81/147/362
f 88/150/394 87/145/388 84/149/374
o Cube.011
#8 vertices, 12 faces
v -0.92152950 -0.51156475 0.93876875
v -0.92152950 1.41127075 0.93876875
v -0.92152950 -0.51156475 0.80106525
v -0.92152950 1.41127075 0.80106525
v -0.78382600 -0.51156475 0.93876875
v -0.78382600 1.41127075 0.93876875
v -0.78382600 -0.51156475 0.80106525
v -0.78382600 1.41127075 0.80106525
vt 0.12500000 0.50000000
vt 0.12500000 0.75000000
vt 0.37500000 0.0000000e+0
vt 0.37500000 0.25000000
vt 0.37500000 0.50000000
vt 0.37500000 0.75000000
vt 0.37500000 1.00000000
vt 0.62500000 0.0000000e+0
vt 0.62500000 0.25000000
vt 0.62500000 0.50000000
vt 0.62500000 0.75000000
vt 0.62500000 1.00000000
vt 0.87500000 0.50000000
vt 0.87500000 0.75000000
vn -1.00000000 0.0000000e+0 0.0000000e+0
vn 0.0000000e+0 0.0000000e+0 1.00000000
vn 0.0000000e+0 -1.00000000 0.0000000e+0
vn -1.00000000 0.0000000e+0 0.0000000e+0
vn 0.0000000e+0 -1.00000000 0.0000000e+0
vn 0.0000000e+0 0.0000000e+0 1.00000000
vn -1.00000000 0.0000000e+0 0.0000000e+0
vn 0.0000000e+0 1.00000000 0.0000000e+0
vn 0.0000000e+0 0.0000000e+0 1.00000000
vn -1.00000000 0.0000000e+0 0.0000000e+0
vn 0.0000000e+0 0.0000000e+0 -1.00000000
vn 0.0000000e+0 -1.00000000 0.0000000e+0
vn -1.00000000 0.0000000e+0 0.0000000e+0
vn 0.0000000e+0 0.0000000e+0 -1.00000000
vn 0.0000000e+0 1.00000000 0.0000000e+0
vn -1.00000000 0.0000000e+0 0.0000000e+0
vn 0.0000000e+0 0.0000000e+0 -1.00000000
vn 0.0000000e+0 1.00000000 0.0000000e+0
vn 0.0000000e+0 0.0000000e+0 1.00000000
vn 0.0000000e+0 -1.00000000 0.0000000e+0
vn 1.00000000 0.0000000e+0 0.0000000e+0
vn 1.00000000 0.0000000e+0 0.0000000e+0
vn 0.0000000e+0 0.0000000e+0 1.00000000
vn 0.0000000e+0 1.00000000 0.0000000e+0
vn 1.00000000 0.0000000e+0 0.0000000e+0
vn 0.0000000e+0 1.00000000 0.0000000e+0
vn 0.0000000e+0 0.0000000e+0 1.00000000
vn 0.0000000e+0 0.0000000e+0 -1.00000000
vn 1.00000000 0.0000000e+0 0.0000000e+0
vn 0.0000000e+0 -1.00000000 0.0000000e+0
vn 0.0000000e+0 0.0000000e+0 -1.00000000
vn 1.00000000 0.0000000e+0 0.0000000e+0
vn 0.0000000e+0 -1.00000000 0.0000000e+0
vn 0.0000000e+0 0.0000000e+0 -1.00000000
vn 1.00000000 0.0000000e+0 0.0000000e+0
vn 0.0000000e+0 1.00000000 0.0000000e+0
g Cube.011_None
usemtl None
s 1
f 89/157/397 92/163/409 91/158/406
f 90/162/403 92/163/412 89/157/400
f 93/160/417 95/159/428 94/165/421
f 94/165/418 95/159/425 96/164/431
s 2
f 89/156/399 95/159/426 93/160/416
f 90/168/404 94/165/422 92/167/414
f 91/155/408 95/159/429 89/156/401
f 92/167/411 94/165/420 96/164/432
s 3
f 89/161/402 94/165/423 90/166/405
f 92/163/413 95/159/427 91/158/407
f 93/160/415 94/165/419 89/161/398
f 96/164/430 95/159/424 92/163/410
o Cube.010
#8 vertices, 12 faces
v 0.95586775 -0.51156475 0.93876875
v 0.95586775 1.41127075 0.93876875
v 0.95586775 -0.51156475 0.80106525
v 0.95586775 1.41127075 0.80106525
v 1.09357100 -0.51156475 0.93876875
v 1.09357100 1.41127075 0.93876875
v 1.09357100 -0.51156475 0.80106525
v 1.09357100 1.41127075 0.80106525
vt 0.12500000 0.50000000
vt 0.12500000 0.75000000
vt 0.37500000 0.0000000e+0
vt 0.37500000 0.25000000
vt 0.37500000 0.50000000
vt 0.37500000 0.75000000
vt 0.37500000 1.00000000
vt 0.62500000 0.0000000e+0
vt 0.62500000 0.25000000
vt 0.62500000 0.50000000
vt 0.62500000 0.75000000
vt 0.62500000 1.00000000
vt 0.87500000 0.50000000
vt 0.87500000 0.75000000
vn -1.00000000 0.0000000e+0 0.0000000e+0
vn 0.0000000e+0 0.0000000e+0 1.00000000
vn 0.0000000e+0 -1.00000000 0.0000000e+0
vn -1.00000000 0.0000000e+0 0.0000000e+0
vn 0.0000000e+0 -1.00000000 0.0000000e+0
vn 0.0000000e+0 0.0000000e+0 1.00000000
vn -1.00000000 0.0000000e+0 0.0000000e+0
vn 0.0000000e+0 1.00000000 0.0000000e+0
vn 0.0000000e+0 0.0000000e+0 1.00000000
vn -1.00000000 0.0000000e+0 0.0000000e+0
vn 0.0000000e+0 0.0000000e+0 -1.00000000
vn 0.0000000e+0 -1.00000000 0.0000000e+0
vn -1.00000000 0.0000000e+0 0.0000000e+0
vn 0.0000000e+0 0.0000000e+0 -1.00000000
vn 0.0000000e+0 1.00000000 0.0000000e+0
vn -1.00000000 0.0000000e+0 0.0000000e+0
vn 0.0000000e+0 0.0000000e+0 -1.00000000
vn 0.0000000e+0 1.00000000 0.0000000e+0
vn 0.0000000e+0 0.0000000e+0 1.00000000
vn 0.0000000e+0 -1.00000000 0.0000000e+0
vn 1.00000000 0.0000000e+0 0.0000000e+0
vn 1.00000000 0.0000000e+0 0.0000000e+0
vn 0.0000000e+0 0.0000000e+0 1.00000000
vn 0.0000000e+0 1.00000000 0.0000000e+0
vn 1.00000000 0.0000000e+0 0.0000000e+0
vn 0.0000000e+0 1.00000000 0.0000000e+0
vn 0.0000000e+0 0.0000000e+0 1.00000000
vn 0.0000000e+0 0.0000000e+0 -1.00000000
vn 1.00000000 0.0000000e+0 0.0000000e+0
vn 0.0000000e+0 -1.00000000 0.0000000e+0
vn 0.0000000e+0 0.0000000e+0 -1.00000000
vn 1.00000000 0.0000000e+0 0.0000000e+0
vn 0.0000000e+0 -1.00000000 0.0000000e+0
vn 0.0000000e+0 0.0000000e+0 -1.00000000
vn 1.00000000 0.0000000e+0 0.0000000e+0
vn 0.0000000e+0 1.00000000 0.0000000e+0
g Cube.010_None
usemtl None
s 1
f 97/171/433 100/177/445 99/172/442
f 98/176/439 100/177/448 97/171/436
f 101/174/453 103/173/464 102/179/457
f 102/179/454 103/173/461 104/178/467
s 2
f 97/170/435 103/173/462 101/174/452
f 98/182/440 102/179/458 100/181/450
f 99/169/444 103/173/465 97/170/437
f 100/181/447 102/179/456 104/178/468
s 3
f 97/175/438 102/179/459 98/180/441
f 100/177/449 103/173/463 99/172/443
f 101/174/451 102/179/455 97/175/434
f 104/178/466 103/173/460 100/177/446
o Cube.009
#8 vertices, 12 faces
v -1.87076750 5.3050000e-4 -1.69219875
v -1.87076750 7.8093000e-2 -1.69219875
v -1.91825850 5.3050000e-4 -1.75352250
v -1.91825850 7.8093000e-2 -1.75352250
v -1.80944400 5.3050000e-4 -1.73968975
v -1.80944400 7.8093000e-2 -1.73968975
v -1.85693500 5.3050000e-4 -1.80101325
v -1.85693500 7.8093000e-2 -1.80101325
vt 0.12500000 0.50000000
vt 0.12500000 0.75000000
vt 0.37500000 0.0000000e+0
vt 0.37500000 0.25000000
vt 0.37500000 0.50000000
vt 0.37500000 0.75000000
vt 0.37500000 1.00000000
vt 0.62500000 0.0000000e+0
vt 0.62500000 0.25000000
vt 0.62500000 0.50000000
vt 0.62500000 0.75000000
vt 0.62500000 1.00000000
vt 0.87500000 0.50000000
vt 0.87500000 0.75000000
vn -0.79063290 0.0000000e+0 0.61229046
vn 0.61229202 0.0000000e+0 0.79063170
vn 0.0000000e+0 -1.00000000 0.0000000e+0
vn -0.79063290 0.0000000e+0 0.61229046
vn 0.0000000e+0 -1.00000000 0.0000000e+0
vn 0.61229202 0.0000000e+0 0.79063170
vn -0.79063290 0.0000000e+0 0.61229046
vn 0.0000000e+0 1.00000000 1.4417625e-16
vn 0.61229202 0.0000000e+0 0.79063170
vn -0.79063290 0.0000000e+0 0.61229046
vn -0.61229001 0.0000000e+0 -0.79063326
vn 0.0000000e+0 -1.00000000 0.0000000e+0
vn -0.79063290 0.0000000e+0 0.61229046
vn -0.61229001 0.0000000e+0 -0.79063326
vn 0.0000000e+0 1.00000000 -7.2088777e-17
vn -0.79063290 0.0000000e+0 0.61229046
vn -0.61229001 0.0000000e+0 -0.79063326
vn 0.0000000e+0 1.00000000 -7.2088777e-17
vn 0.61229202 0.0000000e+0 0.79063170
vn 0.0000000e+0 -1.00000000 0.0000000e+0
vn 0.79063170 0.0000000e+0 -0.61229202
vn 0.79063170 0.0000000e+0 -0.61229202
vn 0.61229202 0.0000000e+0 0.79063170
vn 0.0000000e+0 1.00000000 -7.2088777e-17
vn 0.79063170 0.0000000e+0 -0.61229202
vn 0.0000000e+0 1.00000000 -7.2088777e-17
vn 0.61229202 0.0000000e+0 0.79063170
vn -0.61229001 0.0000000e+0 -0.79063326
vn 0.79063170 0.0000000e+0 -0.61229202
vn 0.0000000e+0 -1.00000000 0.0000000e+0
vn -0.61229001 0.0000000e+0 -0.79063326
vn 0.79063170 0.0000000e+0 -0.61229202
vn 0.0000000e+0 -1.00000000 0.0000000e+0
vn -0.61229001 0.0000000e+0 -0.79063326
vn 0.79063170 0.0000000e+0 -0.61229202
vn 0.0000000e+0 1.00000000 -2.8835381e-16
g Cube.009_None
usemtl None
s 1
f 105/185/469 108/191/481 107/186/478
f 106/190/475 108/191/484 105/185/472
f 109/188/489 111/187/500 110/193/493
f 110/193/490 111/187/497 112/192/503
s 2
f 105/184/471 111/187/498 109/188/488
f 106/196/476 110/193/494 108/195/486
f 107/183/480 111/187/501 105/184/473
f 108/195/483 110/193/492 112/192/504
s 3
f 105/189/474 110/193/495 106/194/477
f 108/191/485 111/187/499 107/186/479
f 109/188/487 110/193/491 105/189/470
f 112/192/502 111/187/496 108/191/482
o Cube.008_Cube
#8 vertices, 12 faces
v -1.93825975 -0.14432900 -1.67219750
v -1.93825975 4.4882500e-3 -1.67219750
v -1.93825975 -0.14432900 -1.82101475
v -1.93825975 4.4882500e-3 -1.82101475
v -1.78944250 -0.14432900 -1.67219750
v -1.78944250 4.4882500e-3 -1.67219750
v -1.78944250 -0.14432900 -1.82101475
v -1.78944250 4.4882500e-3 -1.82101475
vt 0.12500000 0.50000000
vt 0.12500000 0.75000000
vt 0.37500000 0.0000000e+0
vt 0.37500000 0.25000000
vt 0.37500000 0.50000000
vt 0.37500000 0.75000000
vt 0.37500000 1.00000000
vt 0.62500000 0.0000000e+0
vt 0.62500000 0.25000000
vt 0.62500000 0.50000000
vt 0.62500000 0.75000000
vt 0.62500000 1.00000000
vt 0.87500000 0.50000000
vt 0.87500000 0.75000000
vn -1.00000000 0.0000000e+0 0.0000000e+0
vn 0.0000000e+0 0.0000000e+0 1.00000000
vn 0.0000000e+0 -1.00000000 0.0000000e+0
vn -1.00000000 0.0000000e+0 0.0000000e+0
vn 0.0000000e+0 -1.00000000 0.0000000e+0
vn 0.0000000e+0 0.0000000e+0 1.00000000
vn -1.00000000 0.0000000e+0 0.0000000e+0
vn 0.0000000e+0 1.00000000 0.0000000e+0
vn 0.0000000e+0 0.0000000e+0 1.00000000
vn -1.00000000 0.0000000e+0 0.0000000e+0
vn 0.0000000e+0 0.0000000e+0 -1.00000000
vn 0.0000000e+0 -1.00000000 0.0000000e+0
vn -1.00000000 0.0000000e+0 0.0000000e+0
vn 0.0000000e+0 0.0000000e+0 -1.00000000
vn 0.0000000e+0 1.00000000 0.0000000e+0
vn -1.00000000 0.0000000e+0 0.0000000e+0
vn 0.0000000e+0 0.0000000e+0 -1.00000000
vn 0.0000000e+0 1.00000000 0.0000000e+0
vn 0.0000000e+0 0.0000000e+0 1.00000000
vn 0.0000000e+0 -1.00000000 0.0000000e+0
vn 1.00000000 0.0000000e+0 0.0000000e+0
vn 1.00000000 0.0000000e+0 0.0000000e+0
vn 0.0000000e+0 0.0000000e+0 1.00000000
vn 0.0000000e+0 1.00000000 0.0000000e+0
vn 1.00000000 0.0000000e+0 0.0000000e+0
vn 0.0000000e+0 1.00000000 0.0000000e+0
vn 0.0000000e+0 0.0000000e+0 1.00000000
vn 0.0000000e+0 0.0000000e+0 -1.00000000
vn 1.00000000 0.0000000e+0 0.0000000e+0
vn 0.0000000e+0 -1.00000000 0.0000000e+0
vn 0.0000000e+0 0.0000000e+0 -1.00000000
vn 1.00000000 0.0000000e+0 0.0000000e+0
vn 0.0000000e+0 -1.00000000 0.0000000e+0
vn 0.0000000e+0 0.0000000e+0 -1.00000000
vn 1.00000000 0.0000000e+0 0.0000000e+0
vn 0.0000000e+0 1.00000000 0.0000000e+0
g Cube.008_Cube_None
usemtl None
s 1
f 113/199/505 116/205/517 115/200/514
f 114/204/511 116/205/520 113/199/508
f 117/202/525 119/201/536 118/207/529
f 118/207/526 119/201/533 120/206/539
s 2
f 113/198/507 119/201/534 117/202/524
f 114/210/512 118/207/530 116/209/522
f 115/197/516 119/201/537 113/198/509
f 116/209/519 118/207/528 120/206/540
s 3
f 113/203/510 118/207/531 114/208/513
f 116/205/521 119/201/535 115/200/515
f 117/202/523 118/207/527 113/203/506
f 120/206/538 119/201/532 116/205/518
o Cube.004_Cube.005
#8 vertices, 12 faces
v -2.16784025 -0.14057500 -1.63717400
v -2.16784025 -0.16857675 -1.63717400
v -1.91620050 -0.14057500 -2.06923575
v -1.91620050 -0.16857675 -2.06923575
v -1.73577825 -0.14057500 -1.38553425
v -1.73577825 -0.16857675 -1.38553425
